#V3.24f
#_SS-V3.24f-safe-Win32;_08/03/2012;_Stock_Synthesis_by_Richard_Methot_(NOAA)_using_ADMB_11
#_Start_time: Thu Sep 21 14:38:13 2017
#_Number_of_datafiles: 3
#C Sardine in VIIIc and IXa: ASSESSMENT 2018
#_observed data: 
1978 #_styr
2018 #_endyr
1 #_nseas
 12 #_months/season
1 #_spawn_seas
1 #_Nfleet
2 #_Nsurveys
1 #_N_areas
purse_seine%Acoustic_survey%DEPM_survey
 -1 0.25 1 #_surveytiming_in_season
 1 1 1 #_area_assignments_for_each_fishery_and_survey
 1 #_units of catch:  1=bio; 2=num
 0.05 #_se of log(catch) only used for init_eq_catch and for Fmethod 2 and 3; use -1 for discard only fleets
1 #_Ngenders
6 #_Nages
 135000 #_init_equil_catch_for_each_fishery
47 #_N_lines_of_catch_to_read
#_catch_biomass(mtons):_columns_are_fisheries,year,season
 151171 1972 1
 157533 1973 1
 117730 1974 1
 153324 1975 1
 134562 1976 1
 121236 1977 1
 145609 1978 1
 157241 1979 1
 194802 1980 1
 216517 1981 1
 206946 1982 1
 183837 1983 1
 206005 1984 1
 208439 1985 1
 187363 1986 1
 177696 1987 1
 161531 1988 1
 140961 1989 1
 149429 1990 1
 132587 1991 1
 130250 1992 1
 142495 1993 1
 136582 1994 1
 125280 1995 1
 116736 1996 1
 115814 1997 1
 108924 1998 1
 94091 1999 1
 85786 2000 1
 101957 2001 1
 99673 2002 1
 97831 2003 1
 98020 2004 1
 97345 2005 1
 87023 2006 1
 96469 2007 1
 101464 2008 1
 87740 2009 1
 89571 2010 1
 80403 2011 1
 54857 2012 1
 45818 2013 1
 27937 2014 1
 20595 2015 1
 22704 2016 1
 21911 2017 1
 14600 2018 1
#
28 #_N_cpue_and_surveyabundance_observations
#_Units:  0=numbers; 1=biomass; 2=F
#_Errtype:  -1=normal; 0=lognormal; >0=T
#_Fleet Units Errtype
1 1 0 # purse_seine
2 0 0 # Acoustic_survey
3 1 0 # DEPM_survey
#_year seas index obs err
 1996 1 2 1.0171e+007 0.25 # Acoustic_survey
 1997 1 2 1.46019e+007 0.25 # Acoustic_survey
 1998 1 2 1.22141e+007 0.25 # Acoustic_survey
 1999 1 2 1.21594e+007 0.25 # Acoustic_survey
 2000 1 2 1.14899e+007 0.25 # Acoustic_survey
 2001 1 2 1.66791e+007 0.25 # Acoustic_survey
 2002 1 2 2.33413e+007 0.25 # Acoustic_survey
 2003 1 2 1.5953e+007 0.25 # Acoustic_survey
 2005 1 2 2.65705e+007 0.25 # Acoustic_survey
 2006 1 2 1.79688e+007 0.25 # Acoustic_survey
 2007 1 2 1.0355e+007 0.25 # Acoustic_survey
 2008 1 2 6.29799e+006 0.25 # Acoustic_survey
 2009 1 2 8.59685e+006 0.25 # Acoustic_survey
 2010 1 2 6.72408e+006 0.25 # Acoustic_survey
 2011 1 2 2.84835e+006 0.25 # Acoustic_survey
 2013 1 2 2.57361e+006 0.25 # Acoustic_survey
 2014 1 2 2.8611e+006 0.25 # Acoustic_survey
 2015 1 2 2.24166e+006 0.25 # Acoustic_survey
 2016 1 2 4.34935e+006 0.25 # Acoustic_survey
 2017 1 2 2.39294e+006 0.25 # Acoustic_survey
 2018 1 2 3.34799e+006 0.25 # Acoustic_survey
 1997 1 3 251387 0.25 # DEPM_survey
 1999 1 3 436919 0.25 # DEPM_survey
 2002 1 3 496379 0.25 # DEPM_survey
 2005 1 3 481447 0.25 # DEPM_survey
 2008 1 3 625026 0.25 # DEPM_survey
 2011 1 3 226372 0.25 # DEPM_survey
 2014 1 3 164613 0.25 # DEPM_survey

0 #_N_fleets_with_discard
#_discard_units (1=same_as_catchunits(bio/num); 2=fraction; 3=numbers)
#_discard_errtype:  >0 for DF of T-dist(read CV below); 0 for normal with CV; -1 for normal with se; -2 for lognormal
#Fleet Disc_units err_type
0 #N discard obs
#_year seas index obs err
#
0 #_N_meanbodywt_obs
3 #_DF_for_meanbodywt_T-distribution_like

2 # length bin method: 1=use databins; 2=generate from binwidth,min,max below; 3=read vector
4 # binwidth for population size comp 
8 # minimum size in the population (lower edge of first bin and size at age 0.00) 
28 # maximum size in the population (lower edge of last bin) 

0 #_comp_tail_compression
1e-007 #_add_to_comp
1 #_combine males into females at or below this bin number
6 #_N_LengthBins
 8 12 16 20 24 28
0 #_N_Length_obs
#Yr Seas Flt/Svy Gender Part Nsamp datavector(female-male)

7 #_N_age_bins
 0 1 2 3 4 5 6
1 #_N_ageerror_definitions
 0.5 1.5 2.5 3.5 4.5 5.5 6.5
 0.1 0.2 0.3 0.3 0.3 0.3 0.4
62 #_N_Agecomp_obs
1 #_Lbin_method: 1=poplenbins; 2=datalenbins; 3=lengths
0 #_combine males into females at or below this bin number
#Yr Seas Flt/Svy Gender Part Ageerr Lbin_lo Lbin_hi Nsamp datavector(female-male)
 1978 1 1 0 0 1 -1 -1 50 869437 2.29665e+006 946698 295360 136661 41744 16468
 1979 1 1 0 0 1 -1 -1 50 674489 1.53556e+006 956132 431466 189107 93185 36038
 1980 1 1 0 0 1 -1 -1 50 856671 2.0374e+006 1.56197e+006 378785 156922 47302 30006
 1981 1 1 0 0 1 -1 -1 50 1.02596e+006 1.93484e+006 1.73373e+006 679001 195304 104545 76466
 1982 1 1 0 0 1 -1 -1 50 62000 795000 1.869e+006 709000 353000 131000 129000
 1983 1 1 0 0 1 -1 -1 50 1.07e+006 577000 857000 803000 324000 141000 139000
 1984 1 1 0 0 1 -1 -1 50 118000 3.312e+006 487000 502000 301000 179000 117000
 1985 1 1 0 0 1 -1 -1 50 268000 564000 2.371e+006 469000 294000 201000 103000
 1986 1 1 0 0 1 -1 -1 50 304000 755000 1.027e+006 919000 333000 196000 167000
 1987 1 1 0 0 1 -1 -1 50 1.437e+006 543000 667000 569000 535000 154000 171000
 1988 1 1 0 0 1 -1 -1 50 521000 990000 535000 439000 304000 292000 189000
 1989 1 1 0 0 1 -1 -1 50 248000 566000 909000 389000 221000 200000 245000
 1990 1 1 0 0 1 -1 -1 50 258000 602000 517000 707000 295000 151000 248000
 1991 1 1 0 0 1 -1 -1 75 1.58058e+006 477368 436081 406886 265762 74726 105186
 1992 1 1 0 0 1 -1 -1 75 498265 1.00186e+006 451367 340313 186234 110932 80579
 1993 1 1 0 0 1 -1 -1 75 87808 566221 1.08182e+006 521458 257209 113871 120282
 1994 1 1 0 0 1 -1 -1 75 120797 60194 542163 1.09444e+006 272466 112635 72091
 1995 1 1 0 0 1 -1 -1 75 30512 189147 280715 829707 472880 70208 64485
 1996 1 1 0 0 1 -1 -1 75 277053 101267 347690 514741 652711 197235 46607
 1997 1 1 0 0 1 -1 -1 75 208570 548594 453324 391118 337282 225170 70268
 1998 1 1 0 0 1 -1 -1 75 449115 366176 501585 352485 233672 178735 105884
 1999 1 1 0 0 1 -1 -1 75 246016 475225 361509 339691 177170 105518 72541
 2000 1 1 0 0 1 -1 -1 75 489836 354822 313972 255523 194156 97693 64373
 2001 1 1 0 0 1 -1 -1 75 219973 1.1723e+006 256133 195897 126389 75145 49547
 2002 1 1 0 0 1 -1 -1 75 106882 587354 753897 181381 112166 55650 40219
 2003 1 1 0 0 1 -1 -1 75 198412 318695 446285 518289 114035 61276 51172
 2004 1 1 0 0 1 -1 -1 75 589910 180522 263521 386715 377848 78396 55312
 2005 1 1 0 0 1 -1 -1 75 169229 1.00553e+006 266213 206657 191013 116628 46087
 2006 1 1 0 0 1 -1 -1 75 18347 250200 777315 128695 108244 121043 81149
 2007 1 1 0 0 1 -1 -1 75 199364 82084 313453 535706 80348 82713 120821
 2008 1 1 0 0 1 -1 -1 75 298405 219205 182636 370253 411611 65397 108832
 2009 1 1 0 0 1 -1 -1 75 378304 353839 195618 125324 251973 197185 83887
 2010 1 1 0 0 1 -1 -1 75 278311 516544 263334 136037 82831 129434 182722
 2011 1 1 0 0 1 -1 -1 75 341535 452259 383353 122136 87976 40949 110734
 2012 1 1 0 0 1 -1 -1 75 220164 193884 168105 122976 94143 48700 52645
 2013 1 1 0 0 1 -1 -1 75 280544 232934 155842 87924 48492 26591 27635
 2014 1 1 0 0 1 -1 -1 75 63949 189093 109802 54550 35237 19462 21688
 2015 1 1 0 0 1 -1 -1 75 68371 98936 84313 47069 20960 13656 11242
 2016 1 1 0 0 1 -1 -1 75 172202 215051 58288 40726 15422 9815 8424
 2017 1 1 0 0 1 -1 -1 75 35329 198627 126003 39727 15971 8393 10853
 2018 1 -1 0 0 1 -1 -1 75 35329 198627 126003 39727 15971 8393 10853
 1996 1 2 0 0 1 -1 -1 25 0 1.62259e+006 2.10899e+006 2.78296e+006 2.81705e+006 794531 44913
 1997 1 2 0 0 1 -1 -1 25 0 4.37369e+006 5.38816e+006 1.71498e+006 1.36023e+006 1.46137e+006 303499
 1998 1 2 0 0 1 -1 -1 25 0 2.15222e+006 4.14057e+006 2.22252e+006 1.4889e+006 1.23005e+006 979892
 1999 1 2 0 0 1 -1 -1 25 0 5.78914e+006 2.6178e+006 1.55219e+006 934033 640656 625539
 2000 1 2 0 0 1 -1 -1 25 0 4.94293e+006 2.36686e+006 1.5754e+006 1.12635e+006 726783 751531
 2001 1 2 0 0 1 -1 -1 25 0 1.38353e+007 1.03702e+006 702016 476215 370599 257994
 2002 1 2 0 0 1 -1 -1 25 0 1.30391e+007 6.97928e+006 1.1903e+006 1.12799e+006 566829 437827
 2003 1 2 0 0 1 -1 -1 25 0 5.91833e+006 4.52517e+006 3.57881e+006 1.03066e+006 573086 326893
 2005 1 2 0 0 1 -1 -1 25 0 2.27695e+007 1.3337e+006 689413 759794 649425 368658
 2006 1 2 0 0 1 -1 -1 25 0 7.45456e+006 8.30921e+006 577248 451829 578912 597002
 2007 1 2 0 0 1 -1 -1 25 0 1.61594e+006 3.12091e+006 3.99344e+006 638458 284628 701618
 2008 1 2 0 0 1 -1 -1 25 0 1.54238e+006 1.08103e+006 985435 1.97236e+006 216892 499897
 2009 1 2 0 0 1 -1 -1 25 0 5.55023e+006 667139 418749 691478 772710 496546
 2010 1 2 0 0 1 -1 -1 25 0 4.66678e+006 698477 536869 187723 268695 365542
 2011 1 2 0 0 1 -1 -1 25 0 838225 1.24923e+006 202249 140467 89758 328420
 2013 1 2 0 0 1 -1 -1 25 0 1.82424e+006 207875 192844 70141 123907 154603
 2014 1 2 0 0 1 -1 -1 25 0 2.00145e+006 427454 148818 120774 48246 114350
 2015 1 2 0 0 1 -1 -1 25 0 1.64499e+006 186212 155652 81948 85919 86940
 2016 1 2 0 0 1 -1 -1 25 0 2.37674e+006 627658 473115 263478 300328 308035
 2017 1 2 0 0 1 -1 -1 25 0 990618 891756 192469 109240 99938 108923
 2018 1 2 0 0 1 -1 -1 25 0 659852 1.58103e+006 647031 172372 129172 158533

0 #_N_MeanSize-at-Age_obs
#Yr Seas Flt/Svy Gender Part Ageerr Ignore datavector(female-male)
#                                          samplesize(female-male)

0 #_N_environ_variables
0 #_N_environ_obs
0 # N sizefreq methods to read 

0 # no tag data 

0 # no morphcomp data 

999