Survey Indices 
101 
BTS-ISIS
1985 2008
1 1 0.66 0.75 
1   8 
1 115.577 179.898 38.813 11.843 1.371 1.048 0.362 0.167
1 667.441 131.772 51.003 8.886 3.285 0.428 0.338 0.129
1 225.822 764.285 33.065 4.773 2.039 1.017 0.352 0.087
1 680.173 146.993 182.312 9.991 2.81 0.814 0.458 0.036
1 467.877 319.272 38.66 47.305 5.85 0.833 0.311 0.661
1 115.31 102.639 55.674 22.78 5.572 0.801 0.205 0.374
1 185.453 122.051 28.553 11.86 4.264 5.71 0.257 0.219
1 176.973 125.93 27.314 5.62 3.184 2.662 1.136 0.259
1 124.762 179.103 38.399 6.116 0.931 0.812 0.629 0.465
1 145.212 64.217 35.242 10.875 2.857 0.638 0.861 0.957
1 252.164 43.55 14.216 8.106 1.195 0.868 0.356 1.131
1 218.284 212.319 23.019 4.828 3.404 0.917 0.047 0.173
1 NA NA 19.914 2.788 0.219 0.39 0.171 0.121
1 342.505 431.901 47.402 8.906 1.44 0.755 0.145 0.078
1 305.902 130.001 182.52 3.651 2.107 0.137 0.14 0.029
1 277.608 74.399 31.383 23.995 0.613 0.175 0.54 0.029
1 222.705 78.438 19.387 9.972 9.474 0.294 0.143 0.041
1 541.253 47.742 16.047 5.375 2.734 1.422 0.091 0.138
1 126.113 170.076 10.784 5.941 1.525 1.214 0.684 0.112
1 226.201 41.75 66.601 6.622 2.65 1.603 1.021 3.054
1 158.452 69.604 7.227 13.74 1.167 1.254 0.313 0.164
1 135.114 38.994 19.495 3.212 6.343 0.934 0.815 0.043
1 329.341 72.294 21.223 15.525 3.168 6.553 0.737 0.895
1 235.366 130.579 32.617 9.831 7.805 0.67 1.858 0.316