Haddock in IV and IIIa(N) (WGNSSK 2012): Tuning data
105															
EngGFS Q3 GRT
1977	1991														
1	1	0.5	0.75												
0	6														
100	53.48	6.681	3.206	6.163	0.925	0.073	0.091	0.013							
100	35.827	13.688	2.618	0.239	2.22	0.214	0.005	0.074							
100	87.551	29.555	5.461	0.872	0.108	0.438	0.035	0.005							
100	37.403	62.331	16.732	2.57	0.273	0.042	0.142	0.022							
100	153.746	17.318	43.91	7.557	0.742	0.064	0.003	0.061							
100	28.134	31.546	7.98	11.8	1.025	0.237	0.098	0.015							
100	83.193	21.82	10.952	2.143	2.174	0.265	0.04	0.013							
100	22.847	59.933	6.159	3.078	0.418	0.478	0.103	0.013							
100	24.587	18.656	23.819	2.111	0.698	0.196	0.128	0.041							
100	26.6	14.974	4.472	3.382	0.277	0.175	0.038	0.036							
100	2.241	28.194	4.31	0.532	0.686	0.048	0.033	0.003							
100	6.073	2.856	18.352	1.549	0.16	0.279	0.041	0.012							
100	9.428	8.168	1.447	3.968	0.253	0.031	0.061	0.014							
100	28.188	6.645	1.983	0.287	0.878	0.048	0.026	0.012							
100	26.333	11.505	0.961	0.231	0.048	0.219	0.005	0.007							
EngGFS Q3 GOV
1992	2011														
1	1	0.5	0.75												
0	6														
100	246.059	58.746	29.133	1.742	0.146	0.037	0.251	0.010	0.135	0.000	0.016	0.000	0.000	0.000	0.000
100	40.336	73.145	17.435	4.951	0.176	0.048	0.001	0.026	0.003	0.000	0.000	0.000	0.000	0.000	0.000
100	279.344	23.990	26.992	2.511	0.894	0.058	0.003	0.003	0.000	0.003	0.000	0.000	0.000	0.000	0.000
100	53.435	113.775	13.223	11.032	0.827	0.275	0.021	0.000	0.000	0.008	0.000	0.000	0.000	0.003	0.000
100	61.301	26.747	43.044	3.603	2.052	0.207	0.088	0.006	0.000	0.003	0.000	0.000	0.000	0.000	0.000
100	40.653	45.346	12.608	19.968	0.719	0.718	0.067	0.019	0.000	0.000	0.000	0.000	0.000	0.000	0.000
100	15.747	26.497	16.778	4.079	4.141	0.226	0.141	0.009	0.021	0.000	0.000	0.000	0.000	0.000	0.000
100	626.610	16.551	8.404	3.663	1.258	1.201	0.040	0.036	0.011	0.000	0.000	0.000	0.000	0.000	0.000
100	92.139	249.813	4.528	1.634	0.740	0.336	0.350	0.000	0.004	0.000	0.000	0.000	0.000	0.000	0.000
100	1.097	28.622	96.498	3.039	0.828	0.350	0.135	0.058	0.177	0.003	0.000	0.000	0.000	0.000	0.000
100	2.721	3.954	22.559	60.583	0.542	0.097	0.153	0.096	0.034	0.007	0.000	0.000	0.000	0.000	0.000
100	3.199	6.015	1.247	13.967	45.079	0.719	0.026	0.221	0.082	0.014	0.000	0.000	0.000	0.000	0.003
100	3.398	6.599	3.864	0.448	6.836	17.406	0.217	0.093	0.089	0.083	0.082	0.000	0.000	0.000	0.000
100	122.383	9.740	5.992	2.584	1.249	6.617	3.654	0.021	0.007	0.000	0.000	0.000	0.000	0.000	0.000
100	12.838	54.403	3.226	1.137	0.426	0.148	0.861	1.547	0.027	0.011	0.003	0.000	0.000	0.000	0.000
100	8.463	10.628	43.401	1.402	0.624	0.092	0.078	0.315	0.559	0.046	0.015	0.000	0.000	0.000	0.000
100	2.613	6.494	5.801	18.534	0.727	0.266	0.137	0.024	0.099	0.183	0.000	0.000	0.000	0.000	0.000
100	28.978	5.532	6.781	4.636	7.147	0.108	0.099	0.000	0.036	0.080	0.010	0.000	0.000	0.000	0.000
100	3.065	46.229	2.959	2.103	2.175	3.716	0.284	0.047	0.003	0.004	0.011	0.009	0.000	0.000	0.000
100	0.549	2.792	32.592	1.785	1.396	1.168	3.147	0.030	0.009	0	0	0	0	0	0
ScoGFS Aberdeen Q3
1982	1997														
1	1	0.5	0.75												
0	6														
100	1235	2488	996	1336	115	7	2	1	2						
100	2203	1813	1611	372	455	53	12	1	1						
100	873	4367	788	336	55	65	9	5	1						
100	818	1976	2981	232	103	14	22	4	2						
100	1747	2329	574	598	36	27	4	3	0.5						
100	277	2393	704	106	128	8	5	1	2						
100	406	467	1982	170	27	23	2	1	0.5						
100	432	886	214	574	31	4	7	1	0.5						
100	3163	1002	240	32	103	7	1	3	1						
100	3471	1705	178	21	5	16	2	0.5	1						
100	8270	3832	963	48	8	3	8	0.5	0.5						
100	859	5836	1380	269	6	4	1	3	0.5						
100	13762	1265	2080	210	53	2	0.5	0.5	0.5						
100	1566	8153	734	926	74	28	2	0	0						
100	1980	2231	4705	231	206	22	6	0.5	0						
100	972	2779	849	1397	66	56	6	0.5	0.5						
ScoGFS Q3 GOV
1998	2011														
1	1	0.5	0.75												
0	6														
100	3280	6349	1924	490	511	24	18	2	0.5						
100	66067	1907	1141	688	197	164	6	7	1						
100	11902	30611	460	221	130	73	27	4	3						
100	79	3790	11352	179	65	40	18	14	1						
100	2149	675	2632	6931	70	37	18	3	3						
100	2159	1172	307	2092	4344	22	17	8	2						
100	1729	1198	547	101	819	1420	9	1	1						
100	19708	761	657	153	112	347	483	4	3						
100	2280	7275	272	158	33	14	73	227	2						
100	1119	1810	5527	117	57	11	5	38	36						
100	1885	733	1002	2424	28	24	6	2	8						
100	9015	877	547	469	1185	37	8	6	0						
100	115	8328	680	297	303	811	4	3	0						
100	317	252	5192	284	127	101	284	5	0
IBTS Q1
1982	2011					
1	1	0.99	1			
0	4					
100	302.278	403.079	89.463	116.447	13.182	2.046
100	1072.285	221.275	127.77	20.41	20.9	4.608
100	230.968	833.257	107.598	32.317	3.575	6.567
100	573.023	266.912	303.546	17.888	6.49	2.15
100	912.559	328.062	45.201	58.262	4.345	2.434
100	101.691	677.641	97.149	12.684	13.965	2.072
100	219.705	98.091	274.788	16.653	2.113	4.697
100	217.448	139.114	32.997	50.367	3.163	1.801
100	680.231	134.076	25.032	4.26	8.476	2.43
100	1141.396	331.044	17.035	3.026	0.664	2.202
100	1242.121	519.521	152.384	8.848	1.076	0.953
100	227.919	491.051	97.656	23.308	1.566	0.788
100	1355.485	201.069	176.165	24.354	5.286	0.816
100	267.411	813.268	65.869	46.691	7.734	3.061
100	849.943	353.882	466.731	24.987	15.238	3.429
100	357.597	420.926	103.531	112.632	8.758	5.412
100	211.139	222.907	127.064	48.217	36.65	4.35
100	3482.017	96.075	43.255	24.163	11.804	9.935
100	894.651	2255.213	47.899	10.962	7.218	5.76
100	57.312	473.628	1309.589	9.179	6.886	4.137
100	89.991	39.267	241.529	532.024	5.354	2.432
100	71.877	79.617	35.471	173.617	329.991	1.063
100	69.697	60.982	33.156	10.393	59.105	98.227
100	766.995	38.742	22.038	6.998	3.175	40.456
100	66.313	304.067	19.316	6.73	2.027	11.395
100	60.047	106.461	239.293	14.781	1.553	6.327
100	74.725	139.651	102.557	135.235	2.508	2.191
100	686.401	71.685	67.722	51.077	90.303	8.865
100	46.375	772.907	98.972	35.182	46.947	98.149
100	14.468	55.952	396.448	20.685	13.202	23.446
