Proportion of F before Spawning
1 7
1957 2011
1 7
1
   0.67   0.67   0.67   0.67   0.67   0.67   0.67
   0.67   0.67   0.67   0.67   0.67   0.67   0.67
   0.67   0.67   0.67   0.67   0.67   0.67   0.67
   0.67   0.67   0.67   0.67   0.67   0.67   0.67
   0.67   0.67   0.67   0.67   0.67   0.67   0.67
   0.67   0.67   0.67   0.67   0.67   0.67   0.67
   0.67   0.67   0.67   0.67   0.67   0.67   0.67
   0.67   0.67   0.67   0.67   0.67   0.67   0.67
   0.67   0.67   0.67   0.67   0.67   0.67   0.67
   0.67   0.67   0.67   0.67   0.67   0.67   0.67
   0.67   0.67   0.67   0.67   0.67   0.67   0.67
   0.67   0.67   0.67   0.67   0.67   0.67   0.67
   0.67   0.67   0.67   0.67   0.67   0.67   0.67
   0.67   0.67   0.67   0.67   0.67   0.67   0.67
   0.67   0.67   0.67   0.67   0.67   0.67   0.67
   0.67   0.67   0.67   0.67   0.67   0.67   0.67
   0.67   0.67   0.67   0.67   0.67   0.67   0.67
   0.67   0.67   0.67   0.67   0.67   0.67   0.67
   0.67   0.67   0.67   0.67   0.67   0.67   0.67
   0.67   0.67   0.67   0.67   0.67   0.67   0.67
   0.67   0.67   0.67   0.67   0.67   0.67   0.67
   0.67   0.67   0.67   0.67   0.67   0.67   0.67
   0.67   0.67   0.67   0.67   0.67   0.67   0.67
   0.67   0.67   0.67   0.67   0.67   0.67   0.67
   0.67   0.67   0.67   0.67   0.67   0.67   0.67
   0.67   0.67   0.67   0.67   0.67   0.67   0.67
   0.67   0.67   0.67   0.67   0.67   0.67   0.67
   0.67   0.67   0.67   0.67   0.67   0.67   0.67
   0.67   0.67   0.67   0.67   0.67   0.67   0.67
   0.67   0.67   0.67   0.67   0.67   0.67   0.67
   0.67   0.67   0.67   0.67   0.67   0.67   0.67
   0.67   0.67   0.67   0.67   0.67   0.67   0.67
   0.67   0.67   0.67   0.67   0.67   0.67   0.67
   0.67   0.67   0.67   0.67   0.67   0.67   0.67
   0.67   0.67   0.67   0.67   0.67   0.67   0.67
   0.67   0.67   0.67   0.67   0.67   0.67   0.67
   0.67   0.67   0.67   0.67   0.67   0.67   0.67
   0.67   0.67   0.67   0.67   0.67   0.67   0.67
   0.67   0.67   0.67   0.67   0.67   0.67   0.67
   0.67   0.67   0.67   0.67   0.67   0.67   0.67
   0.67   0.67   0.67   0.67   0.67   0.67   0.67
   0.67   0.67   0.67   0.67   0.67   0.67   0.67
   0.67   0.67   0.67   0.67   0.67   0.67   0.67
   0.67   0.67   0.67   0.67   0.67   0.67   0.67
   0.67   0.67   0.67   0.67   0.67   0.67   0.67
   0.67   0.67   0.67   0.67   0.67   0.67   0.67
   0.67   0.67   0.67   0.67   0.67   0.67   0.67
   0.67   0.67   0.67   0.67   0.67   0.67   0.67
   0.67   0.67   0.67   0.67   0.67   0.67   0.67
   0.67   0.67   0.67   0.67   0.67   0.67   0.67
   0.67   0.67   0.67   0.67   0.67   0.67   0.67
   0.67   0.67   0.67   0.67   0.67   0.67   0.67
   0.67   0.67   0.67   0.67   0.67   0.67   0.67
   0.67   0.67   0.67   0.67   0.67   0.67   0.67
   0.67   0.67   0.67   0.67   0.67   0.67   0.67