Landings (tonnes)
1 1
1957 2011
1 7
5
        5070
        6825
        5226
        5401
        6182
        7399
        5059
        6169
        8016
       12215
       18881
       20731
       19607
       20306
       15044
       23474
       36719
       36589
       38764
       32767
       20567
       19715
       22608
       30124
       24922
       19209
       32988
       27450
       23343
       28785
       48600
       29100
       29210
       43969
       37700
       31856
       36763
       33908
       27792
       32534
       27225
       38895
       26109
       19846
       14756
       17826
       16502
       13727
       16231
       19193
       17791
       13340
       10468
       10241
	6919
