Proportion Mature at Year Start
1 6
1957 2011
1 7
1
  0.0  1.0  1.0  1.0  1.0  1.0  1.0
  0.0  1.0  1.0  1.0  1.0  1.0  1.0
  0.0  1.0  1.0  1.0  1.0  1.0  1.0
  0.0  1.0  1.0  1.0  1.0  1.0  1.0
  0.0  1.0  1.0  1.0  1.0  1.0  1.0
  0.0  1.0  1.0  1.0  1.0  1.0  1.0
  0.0  1.0  1.0  1.0  1.0  1.0  1.0
  0.0  1.0  1.0  1.0  1.0  1.0  1.0
  0.0  1.0  1.0  1.0  1.0  1.0  1.0
  0.0  1.0  1.0  1.0  1.0  1.0  1.0
  0.0  1.0  1.0  1.0  1.0  1.0  1.0
  0.0  1.0  1.0  1.0  1.0  1.0  1.0
  0.0  1.0  1.0  1.0  1.0  1.0  1.0
  0.0  1.0  1.0  1.0  1.0  1.0  1.0
  0.0  1.0  1.0  1.0  1.0  1.0  1.0
  0.0  1.0  1.0  1.0  1.0  1.0  1.0
  0.0  1.0  1.0  1.0  1.0  1.0  1.0
  0.0  1.0  1.0  1.0  1.0  1.0  1.0
  0.0  1.0  1.0  1.0  1.0  1.0  1.0
  0.0  1.0  1.0  1.0  1.0  1.0  1.0
  0.0  1.0  1.0  1.0  1.0  1.0  1.0
  0.0  1.0  1.0  1.0  1.0  1.0  1.0
  0.0  1.0  1.0  1.0  1.0  1.0  1.0
  0.0  1.0  1.0  1.0  1.0  1.0  1.0
  0.0  1.0  1.0  1.0  1.0  1.0  1.0
  0.0  1.0  1.0  1.0  1.0  1.0  1.0
  0.0  1.0  1.0  1.0  1.0  1.0  1.0
  0.0  1.0  1.0  1.0  1.0  1.0  1.0
  0.0  1.0  1.0  1.0  1.0  1.0  1.0
  0.0  1.0  1.0  1.0  1.0  1.0  1.0
  0.0  1.0  1.0  1.0  1.0  1.0  1.0
  0.0  1.0  1.0  1.0  1.0  1.0  1.0
  0.0  1.0  1.0  1.0  1.0  1.0  1.0
  0.0  1.0  1.0  1.0  1.0  1.0  1.0
  0.0  1.0  1.0  1.0  1.0  1.0  1.0
  0.0  1.0  1.0  1.0  1.0  1.0  1.0
  0.0  1.0  1.0  1.0  1.0  1.0  1.0
  0.0  1.0  1.0  1.0  1.0  1.0  1.0
  0.0  1.0  1.0  1.0  1.0  1.0  1.0
  0.0  1.0  1.0  1.0  1.0  1.0  1.0
  0.0  1.0  1.0  1.0  1.0  1.0  1.0
  0.0  1.0  1.0  1.0  1.0  1.0  1.0
  0.0  1.0  1.0  1.0  1.0  1.0  1.0
  0.0  1.0  1.0  1.0  1.0  1.0  1.0
  0.0  1.0  1.0  1.0  1.0  1.0  1.0
  0.0  1.0  1.0  1.0  1.0  1.0  1.0
  0.0  1.0  1.0  1.0  1.0  1.0  1.0
  0.0  1.0  1.0  1.0  1.0  1.0  1.0
  0.0  1.0  1.0  1.0  1.0  1.0  1.0
  0.0  1.0  1.0  1.0  1.0  1.0  1.0
  0.0  1.0  1.0  1.0  1.0  1.0  1.0
  0.0  1.0  1.0  1.0  1.0  1.0  1.0
  0.0  1.0  1.0  1.0  1.0  1.0  1.0
  0.0  1.0  1.0  1.0  1.0  1.0  1.0
  0.0  1.0  1.0  1.0  1.0  1.0  1.0