Natural Mortality
1 5
1957 2011
1 7
1
  1.0  0.3  0.2  0.1  0.1  0.1  0.1
  1.0  0.3  0.2  0.1  0.1  0.1  0.1
  1.0  0.3  0.2  0.1  0.1  0.1  0.1
  1.0  0.3  0.2  0.1  0.1  0.1  0.1
  1.0  0.3  0.2  0.1  0.1  0.1  0.1
  1.0  0.3  0.2  0.1  0.1  0.1  0.1
  1.0  0.3  0.2  0.1  0.1  0.1  0.1
  1.0  0.3  0.2  0.1  0.1  0.1  0.1
  1.0  0.3  0.2  0.1  0.1  0.1  0.1
  1.0  0.3  0.2  0.1  0.1  0.1  0.1
  1.0  0.3  0.2  0.1  0.1  0.1  0.1
  1.0  0.3  0.2  0.1  0.1  0.1  0.1
  1.0  0.3  0.2  0.1  0.1  0.1  0.1
  1.0  0.3  0.2  0.1  0.1  0.1  0.1
  1.0  0.3  0.2  0.1  0.1  0.1  0.1
  1.0  0.3  0.2  0.1  0.1  0.1  0.1
  1.0  0.3  0.2  0.1  0.1  0.1  0.1
  1.0  0.3  0.2  0.1  0.1  0.1  0.1
  1.0  0.3  0.2  0.1  0.1  0.1  0.1
  1.0  0.3  0.2  0.1  0.1  0.1  0.1
  1.0  0.3  0.2  0.1  0.1  0.1  0.1
  1.0  0.3  0.2  0.1  0.1  0.1  0.1
  1.0  0.3  0.2  0.1  0.1  0.1  0.1
  1.0  0.3  0.2  0.1  0.1  0.1  0.1
  1.0  0.3  0.2  0.1  0.1  0.1  0.1
  1.0  0.3  0.2  0.1  0.1  0.1  0.1
  1.0  0.3  0.2  0.1  0.1  0.1  0.1
  1.0  0.3  0.2  0.1  0.1  0.1  0.1
  1.0  0.3  0.2  0.1  0.1  0.1  0.1
  1.0  0.3  0.2  0.1  0.1  0.1  0.1
  1.0  0.3  0.2  0.1  0.1  0.1  0.1
  1.0  0.3  0.2  0.1  0.1  0.1  0.1
  1.0  0.3  0.2  0.1  0.1  0.1  0.1
  1.0  0.3  0.2  0.1  0.1  0.1  0.1
  1.0  0.3  0.2  0.1  0.1  0.1  0.1
  1.0  0.3  0.2  0.1  0.1  0.1  0.1
  1.0  0.3  0.2  0.1  0.1  0.1  0.1
  1.0  0.3  0.2  0.1  0.1  0.1  0.1
  1.0  0.3  0.2  0.1  0.1  0.1  0.1
  1.0  0.3  0.2  0.1  0.1  0.1  0.1
  1.0  0.3  0.2  0.1  0.1  0.1  0.1
  1.0  0.3  0.2  0.1  0.1  0.1  0.1
  1.0  0.3  0.2  0.1  0.1  0.1  0.1
  1.0  0.3  0.2  0.1  0.1  0.1  0.1
  1.0  0.3  0.2  0.1  0.1  0.1  0.1
  1.0  0.3  0.2  0.1  0.1  0.1  0.1
  1.0  0.3  0.2  0.1  0.1  0.1  0.1
  1.0  0.3  0.2  0.1  0.1  0.1  0.1
  1.0  0.3  0.2  0.1  0.1  0.1  0.1
  1.0  0.3  0.2  0.1  0.1  0.1  0.1
  1.0  0.3  0.2  0.1  0.1  0.1  0.1
  1.0  0.3  0.2  0.1  0.1  0.1  0.1
  1.0  0.3  0.2  0.1  0.1  0.1  0.1
  1.0  0.3  0.2  0.1  0.1  0.1  0.1
  1.0  0.3  0.2  0.1  0.1  0.1  0.1
  1.0  0.3  0.2  0.1  0.1  0.1  0.1